---------------------------------- rectifying...
 P = 
976.5535188      53.82921955     -239.8473099      387549.5433
98.49858126      933.3447245      157.4788773      242879.2349
0.579028617     0.1108511815     0.8077370002      1118.514934
 
 Q = 
 0.00086967 -8.2743e-05     0.27437
 1.3727e-05   0.0010955    -0.20951
-0.00062531 -9.1029e-05      1.0701
 
 U = 
 0.81185   -0.075058     0.57903
0.012814     0.99375     0.11085
-0.58373   -0.082574     0.80774
 
 B = 
0.0010712 -4.5428e-10    -0.40459
        0   0.0011024    -0.31715
        0           0           1
 
 norm(Q-U*B) = 1.7772e-16
 norm(Q+U*B) = 2.2488
 
 P = 
 976.7027214      53.76109986     -240.0243453      40034.92223
 98.68276515      931.0411832       156.782555       251738.642
0.5766552975     0.1141395289     0.8089754981      1174.371628
 
 Q = 
 0.00087028 -8.3901e-05     0.27447
 1.2519e-05    0.001099    -0.20928
-0.00062212 -9.5253e-05        1.07
 
 U = 
 0.81346   -0.075839     0.57666
0.011702      0.9934     0.11414
 -0.5815     -0.0861     0.80898
 
 B = 
0.0010698  1.4974e-10    -0.40139
        0   0.0011063    -0.32084
        0           0           1
 
 norm(Q-U*B) = 1.0007e-16
 norm(Q+U*B) = 2.2486
 
---------------------------------- warping...
wrote rectified images: imagesE/Sport_R_0.png  imagesE/Sport_R_1.png
